22699
23889
26327
26568
29512
31303
0
0
0
0
0
0
0
0
0
0
0
0
0
0
0
0
0
0
0
0
0
0
0
0
0
0
0
0
0
25398
30206
23101
0
0
0
0
0
0
0
0
27125
25389
28690
27129
24994
27837
23185
26180
23278
30169
34854
44896
24038
27292
28614
23883
24674
27092
24441
29422
23666
21604
25646
36844
23896
28621
27078
25835
26491
22012
22970
27106
28930
21707
22752
26296
26433
31825
23666
23079
0
27977
24809
52342
29717
28297
42814
23599
25276
39285
26968
26724
36026
26846
24809
29512
28930
29422
29717
30206
44516
23599
25389
23896
52342
27837
25276
27977
23889
22012
27693
23185
25398
28297
44896
39285
27125
26296
27818
24038
27129
23079
0
0
0
0
0
0
0
0
0
27092
26968
34854
36026
31357
30169
21604
25646
26568
23883
26846
25977
25835
26491
24674
24441
22699
24994
21707
22752
23278
28621
26433
28690
23666
36844
56054
28614
26180
27106
26286
27292
26696
24809
29512
28930
29422
29717
30206
44516
23599
25389
23896
52342
27837
25276
27977
23889
22012
27693
23185
25398
44896
39285
28297
26296
27125
27818
24038
27129
23079
0
0
0
0
0
0
0
0
0
27092
26968
31357
36026
34854
25646
21604
30169
26568
23883
25977
26846
25835
26491
24674
24441
22699
24994
21707
22752
23278
28621
28690
23666
26433
36844
56054
28614
26180
27106
26286
27292
26696
24809
29512
28930
29422
29717
30206
44516
23599
25389
23896
52342
27837
25276
27977
23889
22012
27693
23185
25398
44896
28297
26296
39285
27125
27818
24038
27129
27092
23079
0
0
0
0
0
0
0
0
0
26968
34854
31357
36026
21604
25646
30169
26568
23883
25977
26846
25835
26491
24441
24674
21707
22699
24994
22752
28621
23278
26433
28690
23666
36844
56054
28614
26180
27106
26286
27292
26696
23185
27837
30206
