23011
22791
25457
35243
22067
26789
26935
24173
22291
22079
25196
25738
29517
28350
33390
35606
22019
23491
33723
23859
29272
32923
23399
30161
39912
30264
23494
24465
25990
31517
21565
34808
23072
25519
23255
22629
22051
23968
26877
23418
26372
28948
25718
22779
24674
26833
27500
22788
25437
23264
22545
24611
25092
55567
24632
27919
24109
28432
32377
23516
25817
25381
32991
24569
26290
23724
22814
52934
28315
60209
22940
23592
24096
22715
25573
20542
24048
32442
30502
23129
24941
34955
23219
25419
27186
26030
24685
23900
23328
31189
24256
24935
22838
27070
30063
25423
25676
24974
27548
26586
