18888
15931
50119
54990
53334
50035
54291
49926
53498
108014
49703
54399
52951
56211
53777
50113
61751
58435
55792
78862
49703
54399
52951
53777
56211
50113
61751
58435
55792
78862
54615
56353
63019
51643
57525
75028
104638
64582
59766
85160
54615
56353
63019
51643
57525
75028
104638
64582
59766
85160
44977
50163
50564
52549
51569
51447
48971
65216
53988
47013
50226
50106
49597
53588
50099
51194
64197
52042
53886
110697
49824
65232
52593
63692
66012
76464
52802
48620
54155
50667
46355
53827
58952
65217
50871
48768
78096
82361
52989
75106
55500
53224
51603
53216
66379
94408
76613
59719
58058
60383
